0.008025
0.007534
0.009204
0.009901
0.009246
0.01063
0.01269
0.01253
0.01122
0.01383
0.01391
0.01408
0.01246
0.01425
0.01601
0.01899
0.02256
0.02333
0.0257
0.02738
0.02283
0.02248
0.0237
0.02231
0.02256
0.02989
0.02448
0.01584
0.01568
0.01839
0.02129
0.02224
0.02294
0.0217
0.02089
0.02228
0.02127
0.02697
0.03063
0.03158
0.03146
0.03103
0.02913
0.02422
0.0215
0.02338
0.02655
0.02964
0.03003
0.02527
0.02474
0.02603
0.02766
0.02517
0.0231
0.02536
0.02763
0.02997
0.03158
0.02816
0.02515
0.02671
0.02798
0.02849
0.03089
0.02944
0.02617
0.01974
0.01476
0.01445
0.01657
0.01832
0.01765
0.01714
0.01891
0.01863
0.01756
0.01356
0.01203
0.01291
0.0131
0.01144
0.0121
0.01675
0.02575
0.03481
0.03506
0.03491
0.0377
0.03823
0.03708
0.03771
0.03721
0.03272
0.02982
0.0306
0.03058
0.03088
0.02995
0.03305
0.04054
0.04112
0.03818
0.03518
0.02941
0.02695
0.02595
0.02637
0.02762
0.02771
0.03009
0.03551
0.03785
0.04018
0.04503
0.04194
0.03408
0.03474
0.03722
0.03648
0.02839
0.02772
0.02673
0.02769
0.03092
0.03114
0.03171
0.05163
0.0822
0.09568
0.09774
0.1016
0.09773
0.08444
0.08267
0.08668
0.08373
0.07953
0.07228
0.06903
0.07497
0.0811
0.07613
0.06733
0.06517
0.06539
0.07042
0.06954
0.05451
0.04167
0.03999
0.0461
0.05539
0.06227
0.06641
0.06618
0.05876
0.04801
0.03517
0.02064
0.0162
0.0243
0.04162
0.06353
0.08626
0.1006
0.1067
0.1045
0.09574
0.08823
0.07845
0.08391
0.1082
0.1157
0.1112
0.1068
0.1067
0.1208
0.1206
0.1296
0.1572
0.1672
0.1657
0.1642
0.1571
0.1336
0.1338
0.1564
0.1646
0.1596
0.1557
0.1702
0.1822
0.1675
0.1642
0.1796
0.1653
0.152
0.1714
0.1916
0.183
0.1817
0.1983
0.1913
0.1893
0.1974
0.1911
0.1834
0.1816
0.1946
0.212
0.1985
0.1648
0.1761
0.1903
0.1967
0.2062
0.2185
0.2142
0.1874
0.1811
0.2012
0.2213
0.2159
0.1941
0.1989
0.2048
0.2162
0.2328
0.2159
0.2244
0.217
0.1924
0.1924
0.2263
0.2436
0.2027
0.1906
0.1968
0.1978
0.2186
0.2013
0.1936
0.1987
0.1936
0.1624
0.1427
0.1675
0.1967
0.1907
0.1851
0.216
0.2471
0.2384
0.2073
0.1827
0.1827
0.2138
0.249
0.2605
0.2522
0.2356
0.2215
0.2183
0.2262
0.2405
0.2444
0.2266
0.2101
0.2169
0.2298
0.2284
0.2162
0.204
0.2057
0.2284
0.2476
0.2422
0.2364
0.2539
0.27
0.2589
0.2389
0.235
0.2559
0.296
0.308
0.2593
0.2186
0.2484
0.2856
0.2644
0.2332
0.2459
0.2655
0.2502
0.2287
0.2345
0.2492
0.2493
0.2437
0.2458
0.3091
0.3246
0.3336
0.3311
0.3339
0.3587
0.3792
0.3757
0.3678
0.3714
0.373
0.338
0.3109
0.3154
0.3236
0.3009
0.2988
0.3386
0.3591
0.3339
0.3131
0.3306
0.3512
0.3622
0.356
0.3496
0.3714
0.3685
0.3667
0.4023
0.4343
0.4329
0.429
0.4331
0.4365
0.4564
0.4888
0.5298
0.5445
0.5022
0.4802
0.5397
0.5669
0.561
0.5543
0.5205
0.5629
0.5207
0.4764
0.5434
0.545
0.5595
0.5722
0.6811
0.795
0.7568
0.6719
0.6107
0.6616
0.7766
0.8165
0.7564
0.7108
0.6378
0.5615
0.5231
0.6123
0.7134
0.7652
0.788
0.8176
0.865
0.8692
0.8488
0.7983
0.6671
0.6192
0.6721
0.7294
0.7637
0.7755
0.7206
0.6462
0.4926
0.2919
0.2722
0.4284
0.5798
0.6709
0.7043
0.5999
0.3677
0.2991
0.5146
0.7437
0.8468
0.8839
0.8664
0.8625
0.9014
0.9522
1.002
1.005
0.9493
0.9089
0.9519
1.008
0.9786
0.9539
0.959
0.9854
0.9788
0.9523
0.8951
0.8958
0.9827
1.047
0.9662
0.8292
0.8713
0.9792
1.025
0.9799
0.9069
0.8779
0.9783
1.061
1.039
0.9942
0.9754
1.002
1.033
0.9798
0.8834
0.8727
0.9329
1.005
1.002
0.9508
0.953
1
1.022
1.023
0.9694
0.9655
0.9671
0.9833
0.962
0.9466
0.9809
1.013
1.05
1.015
1.009
1.026
0.971
0.8996
0.8462
0.7856
0.8237
0.8932
0.9489
1.014
1.035
1.03
0.891
0.7473
0.8562
0.9943
1.085
1.131
1.123
1.068
1.055
1.049
0.9902
0.9738
0.9345
0.9369
0.9865
0.9949
0.9297
0.9176
0.979
1.026
1.048
1.037
1.01
1.027
1.004
0.9804
0.9637
0.9866
1.083
1.108
1.085
1.035
1.049
1.107
1.174
1.199
1.129
1.041
0.9929
0.9836
1.039
1.086
1.064
1.006
0.9911
1.021
1.057
1.084
1.07
1.026
1.011
1.03
1.071
1.124
1.178
1.2
1.153
1.126
1.137
1.143
1.161
1.181
1.163
1.159
1.16
1.146
1.072
1.059
1.131
1.19
1.223
1.217
1.199
1.159
1.131
1.124
1.153
1.18
1.169
1.136
1.144
1.164
1.196
1.208
1.162
1.117
1.103
1.14
1.167
1.172
1.167
1.164
1.174
1.165
1.134
1.129
1.171
1.181
1.149
1.133
1.134
1.147
1.132
1.064
0.9034
0.7635
0.8256
0.9507
1.005
1.035
1.017
1.013
1.066
1.108
1.117
1.094
1.058
1.004
1.036
1.095
1.076
1.086
1.14
1.164
1.134
1.116
1.126
1.13
1.126
1.071
1.045
1.056
1.062
1.046
1.025
1.001
0.9485
0.9643
1.036
1.075
1.057
1.017
1.056
1.093
1.144
1.166
1.122
1.077
1.048
1.037
1.071
1.106
1.086
1.054
1.069
1.08
1.095
1.066
1.011
0.9816
1.004
1.032
1.032
1.029
1.05
1.046
0.9321
0.8709
0.9898
1.06
0.9913
0.9284
0.9285
0.9609
0.9552
0.9758
1.026
1.056
1.007
0.9556
0.9523
0.9945
1.029
1.031
1.03
0.9925
0.9036
0.8668
0.8886
0.9522
1.027
1.087
1.069
1.038
1.035
1.033
1.008
0.9947
0.972
0.9629
0.96
0.9623
0.9993
1.033
1.066
1.058
0.9983
0.9698
1.002
1.028
1.046
1.05
1.015
0.9739
0.9399
0.9374
0.9631
0.9794
0.9743
0.9774
1.004
1.042
1.031
1.019
1.019
1.032
1.042
1.042
0.9887
0.9623
1
1.027
1.025
0.9954
0.9727
0.9767
1.019
1.038
0.9877
0.9511
0.9773
1.017
1.017
1.014
1.031
1.037
1.007
0.9878
0.9978
1.01
0.9846
0.9524
0.9556
0.9761
1.012
1.034
1.003
0.99
0.9966
1.005
0.9912
0.9781
1.013
1.019
0.9576
0.9043
0.9224
0.9574
0.9925
0.9884
0.9701
0.9684
0.9852
0.9888
0.9607
0.9465
0.9799
1.011
1.006
0.9915
0.9955
1.001
0.9971
0.9815
0.9793
0.9888
0.9938
0.9923
0.9772
0.9526
0.955
0.9596
0.9579
0.9687
0.9675
0.9588
0.9637
0.9687
0.972
0.9738
0.9712
0.9752
0.9732
0.951
0.9189
0.9198
0.945
0.962
0.9683
0.9626
0.9089
0.8321
0.8172
0.8659
0.9226
0.9456
0.9455
0.9396
0.9317
0.9278
0.933
0.932
0.9212
0.9105
0.9141
0.9319
0.9353
0.9374
0.9305
0.917
0.8983
0.8888
0.9045
0.9104
0.9051
0.8987
0.8858
0.8777
0.878
0.8834
0.8963
0.8959
0.8898
0.8923
0.8893
0.8896
0.8887
0.8887
0.8872
0.8765
0.8678
0.8694
0.8726
0.871
0.8663
0.8739
0.8725
0.8646
0.8617
0.8598
0.8386
0.8002
0.7995
0.8128
0.8239
0.8241
0.8243
0.8349
0.8455
0.8542
0.8593
0.8601
0.8564
0.8663
0.8733
0.8753
0.8665
0.8553
0.8505
0.8394
0.8219
0.8087
0.7845
0.778
0.8068
0.838
0.8515
0.8438
0.8305
0.8057
0.8185
0.847
0.8383
0.819
0.8149
0.8243
0.8139
0.801
0.8182
0.8437
0.8359
0.8189
0.8107
0.8104
0.8308
0.8327
0.8197
0.8031
0.8074
0.8293
0.8282
0.8241
0.8183
0.8151
0.8119
0.8073
0.7942
0.785
0.7992
0.8023
0.7895
0.7898
0.8
0.7986
0.7743
0.7543
0.7714
0.7921
0.795
0.79
0.7788
0.7615
0.7202
0.7157
0.773
0.8015
0.784
0.7646
0.7795
0.7884
0.7881
0.7837
0.7769
0.7546
0.7083
0.6314
0.5977
0.6685
0.7387
0.7646
0.7642
0.7567
0.7563
0.7652
0.7586
0.7491
0.7642
0.7748
0.7787
0.7679
0.7595
0.7577
0.7585
0.759
0.7575
0.7556
0.7539
0.7522
0.7444
0.7341
0.7426
0.7587
0.7612
0.7578
0.7562
0.7523
0.7422
0.7354
0.74
0.7462
0.7465
0.7409
0.735
0.7295
0.73
0.7348
0.7386
0.7336
0.7321
0.7335
0.7327
0.7296
0.7309
0.7269
0.7288
0.7291
0.732
0.7319
0.7222
0.7141
0.7102
0.7108
0.7113
0.7111
0.711
0.711
0.7109
0.7108
0.7105
0.7102
0.7101
0.7101
0.7097
0.7091
0.7085
0.708
0.7075
0.7074
0.7072
0.7069
0.7067
0.7068
0.7073
0.7075
0.7072
0.7076
0.7087
0.7079
0.704
0.6934
0.6935
0.692
0.6842
0.6724
0.6701
0.6796
0.6845
0.6818
0.6866
0.6925
0.694
0.6914
0.6945
0.7002
0.7009
0.697
0.6902
0.6876
0.694
0.6926
0.6913
0.6852
0.6833
0.6829
0.6829
0.6748
0.6623
0.6598
0.6672
0.6776
0.6837
0.6872
0.6788
0.6663
0.6776
0.6775
0.6615
0.6462
0.6395
0.6278
0.6056
0.5961
0.6057
0.6167
0.624
0.6356
0.6503
0.646
0.6396
0.638
0.6397
0.6367
0.6311
0.6304
0.6318
0.6343
0.6347
0.6358
0.6302
0.623
0.6159
0.6037
0.6094
0.6248
0.6126
0.6015
0.607
0.6207
0.6147
0.6175
0.6258
0.6351
0.6321
0.6217
0.6125
0.6069
0.6129
0.6146
0.6199
0.6194
0.6077
0.5971
0.6006
0.6101
0.6053
0.5903
0.5858
0.5918
0.5889
0.5977
0.6043
0.6035
0.5866
0.5689
0.5808
0.5975
0.5893
0.5874
0.5897
0.588
0.5842
0.5866
0.5833
0.5755
0.5793
0.5724
0.5628
0.5656
0.5731
0.5728
0.5697
0.5745
0.5798
0.5785
0.5778
0.5765
0.5751
0.574
0.5727
0.571
0.5696
0.5686
0.5677
0.5665
0.5652
0.5641
0.5632
0.5627
0.5625
0.5623
0.5615
0.5606
0.5599
0.5592
0.5585
0.5577
0.5568
0.5559
0.555
0.5541
0.5534
0.5528
0.5522
0.5513
0.5505
0.5499
0.5506
0.5515
0.551
0.5506
0.5526
0.5532
0.5449
0.5377
0.543
0.5527
0.5493
0.5336
0.4763
0.4674
0.5139
0.5431
0.5455
0.5371
0.5351
0.541
0.5423
0.544
0.544
0.5418
0.5322
0.5291
0.5313
0.5328
0.5317
0.5332
0.5342
0.534
0.5303
0.5247
0.525
0.5324
0.5278
0.5174
0.5244
0.5333
0.5295
0.5236
0.5209
0.52
0.5165
0.513
0.5095
0.5038
0.5122
0.5181
0.5217
0.5217
0.5223
0.5238
0.5243
0.5215
0.5149
0.5071
0.5075
0.516
0.5191
0.517
0.5116
0.5073
0.5126
0.5165
0.5126
0.5055
0.5113
0.5168
0.517
0.5189
0.5201
0.5214
0.5171
0.5124
0.5136
0.514
0.5174
0.5186
0.5186
0.5189
0.5165
0.515
0.5074
0.5058
0.5
0.4938
0.4898
0.4867
0.4811
0.4775
0.4796
0.4751
0.4682
0.4632
0.4578
0.4505
0.4717
0.5018
0.5027
0.4787
0.4499
0.4336
0.4515
0.487
0.4934
0.4786
0.4688
0.4747
0.4898
0.4989
0.4857
0.4703
0.4725
0.4775
0.4789
0.4802
0.4778
0.473
0.4729
0.4701
0.467
0.4567
0.4422
0.4347
0.4586
0.4734
0.4797
0.4739
0.4796
0.492
0.4785
0.4622
0.4739
0.473
0.4644
0.4768
0.4919
0.4918
0.4704
0.462
0.4861
0.496
0.4803
0.4434
0.435
0.4449
0.4783
0.4936
0.4681
0.4299
0.4441
0.4786
0.4943
0.4791
0.4263
0.3519
0.3567
0.416
0.4432
0.448
0.4559
0.4454
0.4164
0.3524
0.2665
0.2712
0.352
0.4202
0.4452
0.4447
0.4472
0.4495
0.4471
0.4357
0.4177
0.4043
0.4114
0.436
0.4416
0.4448
0.4511
0.4495
0.4484
0.4536
0.454
0.4399
0.4187
0.3715
0.2891
0.3033
0.3793
0.4072
0.4084
0.4131
0.4226
0.4406
0.4513
0.456
0.4546
0.4552
0.4562
0.451
0.4442
0.4377
0.4278
0.4109
0.3897
0.4114
0.4282
0.4372
0.4348
0.4374
0.4394
0.4347
0.4285
0.4321
0.4334
0.4177
0.4275
0.4324
0.4278
0.4216
0.4344
0.428
0.4293
0.4282
0.4249
0.4168
0.3883
0.3846
0.4126
0.4215
0.4235
0.4286
0.4308
0.43
0.4336
0.4305
0.403
0.4161
0.4229
0.3995
0.4106
0.4299
0.4304
0.4255
0.4254
0.43
0.4249
0.42
0.4193
0.413
0.4066
0.3946
0.3902
0.4012
0.3899
0.3878
0.3674
0.3492
0.3867
0.4
0.4243
0.4341
0.4376
0.4392
0.4329
0.4237
0.3842
0.3935
0.4047
0.3898
0.385
0.3813
0.3693
0.3733
0.4041
0.4087
0.3931
0.4061
0.4153
0.4181
0.4062
0.4058
0.4125
0.4143
0.3986
0.3895
0.4056
0.4077
0.3944
0.3883
0.4003
0.4079
0.4076
0.4072
0.3989
0.3923
0.3756
0.3703
0.3722
0.3614
0.358
0.3645
0.3666
0.3728
0.3768
0.3755
0.3736
0.3815
0.3931
0.3939
0.3947
0.3986
0.3971
0.3942
0.3904
0.386
0.3843
0.3678
0.3707
0.3683
0.3693
0.3623
0.3505
0.3596
0.3709
0.3578
0.3755
0.3703
0.3706
0.3735
0.374
0.3835
0.3999
0.4023
0.3912
0.3757
0.3736
0.3777
0.3798
0.3637
0.3663
0.3662
0.3489
0.3691
0.3759
0.3617
0.3629
0.3766
0.3754
0.3741
0.3657
0.378
0.3757
0.3579
0.3573
0.3756
0.3744
0.357
0.3461
0.3489
0.3553
0.3544
0.3413
0.3278
0.3364
0.3424
0.3488
0.3455
0.3568
0.3619
0.3578
0.3588
0.3542
0.3598
0.3589
0.3579
0.3631
0.3608
0.3486
0.3523
0.3602
0.3578
0.3565
0.3535
0.3561
0.3451
0.3434
0.3499
0.355
0.3564
0.3552
0.3605
0.3553
0.3583
0.3564
0.36
0.359
0.3537
0.3528
0.35
0.3491
0.3417
0.3429
0.3422
0.3458
0.3431
0.3453
0.3446
0.3479
0.3447
0.344
0.3434
0.3421
0.3442
0.3437
0.3471
0.3445
0.3469
0.3432
0.3407
0.3418
0.342
0.3405
0.3402
0.3396
0.3385
0.3359
0.3395
0.3373
0.3358
0.3369
0.3331
0.3277
0.3354
0.3375
0.3376
0.3369
0.3318
0.3325
0.3354
0.3341
0.33
0.3389
0.3339
0.3376
0.3321
0.332
0.3342
0.3336
0.3295
0.3306
0.3281
0.328
0.3223
0.3175
0.3217
0.321
0.3212
0.32
0.315
0.3062
0.3011
0.3041
0.2975
0.2932
0.2995
0.3081
0.313
0.3122
0.3187
0.3178
0.3177
0.3163
0.3227
0.3226
0.3205
0.3191
0.3155
0.322
0.3177
0.32
0.3199
0.3189
0.3181
0.3174
0.3168
0.3164
0.3161
0.3159
0.3157
0.3156
0.3154
0.3153
0.315
0.3148
0.3145
0.3141
0.3137
0.3133
0.3128
0.3124
0.3119
0.3115
0.311
0.3106
0.3103
0.31
0.3097
0.3094
0.3091
0.3088
0.3085
0.3083
0.308
0.307
0.3068
0.3065
0.3062
0.3059
0.3055
0.3052
0.3049
0.3046
0.3043
0.3039
0.3036
0.3033
0.3029
0.3026
0.3022
0.3018
0.3015
0.3011
0.3007
0.3003
0.2999
0.2995
0.2991
0.2987
0.2983
0.2979
0.2975
0.297
0.2966
0.2962
0.2958
0.2954
0.295
0.2946
0.2942
0.2938
0.2934
0.293
0.2926
0.2921
0.2917
0.2913
0.2909
0.2905
0.2901
0.2898
0.2894
0.289
0.2886
0.2882
0.2878
0.2874
0.287
0.2866
0.2862
0.2858
0.2854
0.285
0.2846
0.2843
0.2839
0.2835
0.2831
0.2863
0.286
0.2857
0.2853
0.285
0.2847
0.2844
0.2841
0.2838
0.2835
0.2831
0.2828
0.2825
0.2822
0.2819
0.2816
0.2813
0.2809
0.2806
0.2803
0.28
0.2797
0.2794
0.2791
0.2787
0.2784
0.2781
0.2778
0.2775
0.2772
0.2769
0.2766
0.2762
0.2759
0.2756
0.2753
0.275
0.2747
0.2744
0.274
0.2737
0.2734
0.2731
0.2728
0.2725
0.2722
0.2719
0.2715
0.2712
0.2709
0.2706
0.2703
0.27
0.2697
0.2694
0.269
0.2687
0.2684
0.2681
0.2678
0.2675
0.2672
0.2669
0.2665
0.2662
0.2659
0.2656
0.2653
0.265
0.2647
0.2644
0.2641
0.2637
0.2634
0.2631
0.2628
0.2625
0.2622
0.2619
0.2616
0.2613
0.261
0.2606
0.2603
0.26
0.2597
0.2594
0.2591
0.2588
0.2585
0.2582
0.2579
0.2576
0.2572
0.2569
0.2566
0.2563
0.256
0.2557
0.2554
0.2551
0.2548
0.2545
0.2542
0.2539
0.2536
0.2533
0.2529
0.2526
0.2523
0.252
0.2517
0.2514
0.2511
0.2508
0.2505
0.2502
0.2499
0.2496
0.2493
0.249
0.2487
0.2484
0.2481
0.2478
0.2475
0.2472
0.2468
0.2465
0.2462
0.2459
0.2456
0.2453
0.245
0.2447
0.2444
0.2441
0.2438
0.2435
0.2432
0.2429
0.2426
0.2423
0.242
0.2417
0.2414
0.2411
0.2408
0.2405
0.2402
0.2399
0.2396
0.2393
0.239
0.2387
0.2384
0.2381
0.2378
0.2375
0.2372
0.2369
0.2366
0.2364
0.2361
0.2358
0.2355
0.2352
0.2349
0.2346
0.2343
0.234
0.2337
0.2334
0.2331
0.2328
0.2325
0.2322
0.2319
0.2316
0.2313
0.2311
0.2308
0.2305
0.2302
0.2299
0.2296
0.2293
0.229
0.2287
0.2284
0.2281
0.2279
0.2276
0.2273
0.227
0.2267
0.2264
0.2261
0.2258
0.2255
0.2253
0.225
0.2247
0.2244
0.2241
0.2238
0.2235
0.2233
0.223
0.2227
0.2224
0.2221
0.2218
0.2216
0.2213
0.221
0.2207
0.2204
0.2201
0.2199
0.2196
0.2193
0.219
0.2187
0.2185
0.2182
0.2179
0.2176
0.2173
0.2171
0.2168
0.2165
0.2162
0.2159
0.2157
0.2154
0.2151
0.2148
0.2146
0.2143
0.214
0.2137
0.2135
0.2132
0.2129
0.2126
0.2124
0.2121
0.2118
0.2115
0.2113
0.211
0.2107
0.2105
0.2102
0.2099
0.2097
0.2094
0.2091
0.2088
0.2086
0.2083
0.208
0.2078
0.2075
0.2072
0.207
0.2067
0.2064
0.2062
0.2059
0.2056
0.2054
0.2051
0.2049
0.2046
0.2043
0.2041
0.2038
0.2035
0.2033
0.203
0.2028
0.2025
0.2022
0.202
0.2017
0.2015
0.2012
0.2009
0.2007
0.2004
0.2002
0.1999
0.1997
0.1994
0.1992
0.1989
0.1986
0.1984
0.1981
0.1979
0.1976
0.1974
0.1971
0.1969
0.1966
0.1964
0.1961
0.1959
0.1956
0.1954
0.1951
0.1949
0.1946
0.1944
0.1941
0.1939
0.1936
0.1934
0.1932
0.1929
0.1927
0.1924
0.1922
0.1919
0.1917
0.1915
0.1912
0.191
0.1907
0.1905
0.1902
0.19
0.1898
0.1895
0.1893
0.1891
0.1888
0.1886
0.1883
0.1881
0.1879
0.1876
0.1874
0.1872
0.1869
0.1867
0.1865
0.1862
0.186
0.1858
0.1855
0.1853
0.1851
0.1848
0.1846
0.1844
0.1842
0.1839
0.1837
0.1835
0.1832
0.183
0.1828
0.1826
0.1823
0.1821
0.1819
0.1817
0.1814
0.1812
0.181
0.1808
0.1805
0.1803
0.1801
0.1799
0.1797
0.1794
0.1792
0.179
0.1788
0.1786
0.1783
0.1781
0.1779
0.1777
0.1775
0.1773
0.177
0.1768
0.1766
0.1764
0.1762
0.176
0.1757
0.1755
0.1753
0.1751
0.1749
0.1747
0.1745
0.1743
0.1741
0.1738
0.1736
0.1734
0.1732
0.173
0.1728
0.1726
0.1724
0.1722
0.172
0.1718
0.1716
0.1713
0.1711
0.1709
0.1707
0.1705
0.1703
0.1701
0.1699
0.1697
0.1695
0.1693
0.1691
0.1689
0.1687
0.1685
0.1683
0.1681
0.1679
0.1677
0.1675
0.1673
0.1671
0.1669
0.1667
0.1665
0.1663
0.1661
0.1659
0.1657
0.1655
0.1653
0.1651
0.165
0.1648
0.1646
0.1644
0.1642
0.164
0.1638
0.1636
0.1634
0.1632
0.163
0.1628
0.1627
0.1625
0.1623
0.1621
0.1619
0.1617
0.1615
0.1613
0.1612
0.161
0.1608
0.1606
0.1604
0.1602
0.16
0.1599
0.1597
0.1595
0.1593
0.1591
0.1589
0.1588
0.1586
0.1584
0.1582
0.158
0.1578
0.1577
0.1575
0.1573
0.1571
0.157
0.1568
0.1566
0.1564
0.1562
0.1561
0.1559
0.1557
0.1555
0.1554
0.1552
0.155
0.1548
0.1547
0.1545
0.1543
0.1541
0.154
0.1538
0.1536
0.1534
0.1533
0.1531
0.1529
0.1528
0.1526
0.1524
0.1523
0.1521
0.1519
0.1517
0.1516
0.1514
0.1512
0.1511
0.1509
0.1507
0.1506
0.1504
0.1502
0.1501
0.1499
0.1497
0.1496
0.1494
0.1493
0.1491
0.1489
0.1488
0.1486
0.1484
0.1483
0.1481
0.148
0.1478
0.1476
0.1475
0.1473
0.1471
0.147
0.1468
0.1467
0.1465
0.1464
0.1462
0.146
0.1459
0.1457
0.1456
0.1454
0.1453
0.1451
0.1449
0.1448
0.1446
0.1445
0.1443
0.1442
0.144
0.1439
0.1437
0.1436
0.1434
0.1433
0.1431
0.1429
0.1428
0.1426
0.1425
0.1423
0.1422
0.142
0.1419
0.1417
0.1416
0.1414
0.1413
0.1412
0.141
0.1409
0.1407
0.1406
0.1404
0.1403
0.1401
0.14
0.1398
0.1397
0.1395
0.1394
0.1393
0.1391
0.139
0.1388
0.1387
0.1385
0.1384
0.1383
0.1381
0.138
0.1378
0.1377
0.1375
0.1374
0.1373
0.1371
0.137
0.1368
0.1367
0.1366
0.1364
0.1363
0.1362
0.136
0.1359
0.1357
0.1356
0.1355
0.1353
0.1352
0.1351
0.1349
0.1348
0.1347
0.1345
0.1344
0.1342
0.1341
0.134
0.1338
0.1337
0.1336
0.1334
0.1333
0.1332
0.1331
0.1329
0.1328
0.1327
0.1325
0.1324
0.1323
0.1321
0.132
0.1319
0.1317
0.1316
0.1315
0.1314
0.1312
0.1311
0.131
0.1308
0.1307
0.1306
0.1305
0.1303
0.1302
0.1301
0.13
0.1298
0.1297
0.1296
0.1295
0.1293
0.1292
0.1291
0.129
0.1288
0.1287
0.1286
0.1285
0.1284
0.1282
0.1281
0.128
0.1279
0.1277
0.1276
0.1275
0.1274
0.1273
0.1271
0.127
0.1269
0.1268
0.1267
0.1265
0.1264
0.1263
0.1262
0.1261
0.126
0.1258
0.1257
0.1256
0.1255
0.1254
0.1253
0.1251
0.125
0.1249
0.1248
0.1247
0.1246
0.1244
0.1243
0.1242
0.1241
0.124
0.1239
0.1238
0.1236
0.1235
0.1234
0.1233
0.1232
0.1231
0.123
0.1229
0.1228
0.1226
0.1225
0.1224
0.1223
0.1222
0.1221
0.122
0.1219
0.1218
0.1217
0.1215
0.1214
0.1213
0.1212
0.1211
0.121
0.1209
0.1208
0.1207
0.1206
0.1205
0.1204
0.1203
0.1201
0.12
0.1199
0.1198
0.1197
0.1196
0.1195
0.1194
0.1193
0.1192
0.1191
0.119
0.1189
0.1188
0.1187
0.1186
0.1185
0.1184
0.1183
0.1182
0.1181
0.118
0.1179
0.1178
0.1177
0.1176
0.1175
0.1174
0.1173
0.1172
0.1171
0.117
0.1169
0.1168
0.1167
0.1166
0.1165
0.1164
0.1163
0.1162
0.1161
0.116
0.1159
0.1158
0.1157
0.1156
0.1155
0.1154
0.1153
0.1152
0.1151
0.115
0.1149
0.1148
0.1147
0.1146
0.1145
0.1144
0.1143
0.1142
0.1141
0.1141
0.114
0.1139
0.1138
0.1137
0.1136
0.1135
0.1134
0.1133
0.1132
0.1131
0.113
0.1129
0.1128
0.1128
0.1127
0.1126
0.1125
0.1124
0.1123
0.1122
0.1121
0.112
0.1119
0.1118
0.1118
0.1117
0.1116
0.1115
0.1114
0.1113
0.1112
0.1111
0.111
0.111
0.1109
0.1108
0.1107
0.1106
0.1105
0.1104
0.1103
0.1102
0.1102
0.1101
0.11
0.1099
0.1098
0.1097
0.1096
0.1096
0.1095
0.1094
0.1093
0.1092
0.1091
0.109
0.109
0.1089
0.1088
0.1087
0.1086
0.1085
0.1085
0.1084
0.1083
0.1082
0.1081
0.108
0.108
0.1079
0.1078
0.1077
0.1076
0.1075
0.1075
0.1074
0.1073
0.1072
0.1071
0.107
0.107
0.1069
0.1068
0.1067
0.1066
0.1066
0.1065
0.1064
0.1063
0.1062
0.1062
0.1061
0.106
0.1059
0.1058
0.1058
0.1057
0.1056
0.1055
0.1054
0.1054
0.1053
0.1052
0.1051
0.1051
0.105
0.1049
0.1048
0.1047
0.1047
0.1046
0.1045
0.1044
0.1044
0.1043
0.1042
0.1041
0.104
0.104
0.1039
0.1038
0.1037
0.1037
0.1036
0.1035
0.1034
0.1034
0.1033
0.1032
0.1031
0.1031
0.103
0.1029
0.1028
0.1028
0.1027
0.1026
0.1025
0.1025
0.1024
0.1023
0.1022
0.1022
0.1021
0.102
0.1019
0.1019
0.1018
0.1017
0.1017
0.1016
0.1015
0.1014
0.1014
0.1013
0.1012
0.1011
0.1011
0.101
0.1009
0.1009
0.1008
0.1007
0.1006
0.1006
0.1005
0.1004
0.1004
0.1003
0.1002
0.1001
0.1001
0.1
0.09993
0.09986
0.09979
0.09972
0.09965
0.09957
0.0995
0.09943
0.09936
0.09929
0.09922
0.09915
0.09909
0.09902
0.09895
0.09888
0.09881
0.09874
0.09867
0.0986
0.09853
0.09846
0.09839
0.09832
0.09826
0.09819
0.09812
0.09805
0.09798
0.09791
0.09785
0.09778
0.09771
0.09764
0.09757
0.0975
0.09744
0.09737
0.0973
0.09723
0.09717
0.0971
0.09703
0.09696
0.0969
0.09683
0.09676
0.0967
0.09663
0.09656
0.09649
0.09643
0.09636
0.0963
0.09623
0.09616
0.0961
0.09603
0.09596
0.0959
0.09583
0.09576
0.0957
0.09563
0.09557
0.0955
0.09544
0.09537
0.0953
0.09524
0.09517
0.09511
0.09504
0.09498
0.09491
0.09484
0.09478
0.09471
0.09465
0.09458
0.09452
0.09445
0.09439
0.09432
0.09426
0.09419
0.09413
0.09406
0.094
0.09394
0.09387
0.09381
0.09374
0.09368
0.09361
0.09355
0.09348
0.09342
0.09336
0.09329
0.09323
0.09316
0.0931
0.09304
0.09297
0.09291
0.09284
0.09278
0.09272
0.09265
0.09259
0.09252
0.09246
0.0924
0.09233
0.09227
0.09221
0.09214
0.09208
0.09202
0.09195
0.09189
0.09183
0.09176
0.0917
0.09164
0.09157
0.09151
0.09145
0.09138
0.09132
0.09126
0.09119
0.09113
0.09107
0.09101
0.09094
0.09088
0.09082
0.09075
0.09069
0.09063
0.09057
0.0905
0.09044
0.09038
0.09031
0.09025
0.09019
0.09013
0.09006
0.09
0.08994
0.08987
0.08981
0.08975
0.08969
0.08962
0.08956
0.0895
0.08944
0.08937
0.08931
0.08925
0.08919
0.08912
0.08906
0.089
0.08894
0.08887
0.08881
0.08875
0.08869
0.08862
0.08856
0.0885
0.08844
0.08838
0.08831
0.08825
0.08819
0.08813
0.08807
0.088
0.08794
0.08788
0.08782
0.08775
0.08769
0.08763
0.08757
0.08751
0.08744
0.08738
0.08732
0.08726
0.0872
0.08714
0.08707
0.08701
0.08695
0.08689
0.08683
0.08676
0.0867
0.08664
0.08658
0.08652
0.08646
0.08639
0.08633
0.08627
0.08621
0.08615
0.08609
0.08602
0.08596
0.0859
0.08584
0.08578
0.08572
0.08565
0.08559
0.08553
0.08547
0.08541
0.08535
0.08529
0.08522
0.08516
0.0851
0.08504
0.08498
0.08492
0.08486
0.0848
0.08474
0.08467
0.08461
0.08455
0.08449
0.08443
0.08437
0.08431
0.08425
0.08418
0.08412
0.08406
0.084
0.08394
0.08388
0.08382
0.08376
0.0837
0.08364
0.08358
0.08352
0.08345
0.08339
0.08333
0.08327
0.08321
0.08315
0.08309
0.08303
0.08297
0.08291
0.08285
0.08279
0.08273
0.08267
0.0826
0.08254
0.08248
0.08242
0.08236
0.0823
0.08224
0.08218
0.08212
0.08206
0.082
0.08194
0.08188
0.08182
0.08176
0.0817
0.08164
0.08158
0.08152
0.08146
0.0814
0.08134
0.08128
0.08122
0.08116
0.0811
0.08104
0.08098
0.08092
0.08086
0.0808
0.08074
0.08068
0.08062
0.08056
0.0805
0.08044
0.08038
0.08032
0.08026
0.0802
0.08014
0.08008
0.08002
0.07996
0.0799
0.07984
0.07978
0.07972
0.07966
0.0796
0.07954
0.07948
0.07942
0.07936
0.0793
0.07924
0.07918
0.07912
0.07906
0.07901
0.07895
0.07889
0.07883
0.07877
0.07871
0.07865
0.07859
0.07853
0.07847
0.07841
0.07835
0.07829
0.07823
0.07817
0.07812
0.07806
0.078
0.07794
0.07788
0.07782
0.07776
0.0777
0.07764
0.07758
0.07752
0.07747
0.07741
0.07735
0.07729
0.07723
0.07717
0.07711
0.07705
0.07699
0.07694
0.07688
0.07682
0.07676
0.0767
0.07664
0.07658
0.07653
0.07647
0.07641
0.07635
0.07629
0.07623
0.07617
0.07612
0.07606
0.076
0.07594
0.07588
0.07582
0.07576
0.07571
0.07565
0.07559
0.07553
0.07547
0.07542
0.07536
0.0753
0.07524
0.07518
0.07512
0.07507
0.07501
0.07495
0.07489
0.07483
0.07478
0.07472
0.07466
0.0746
0.07454
0.07449
0.07443
0.07437
0.07431
0.07426
0.0742
0.07414
0.07408
0.07402
0.07397
0.07391
0.07385
0.07379
0.07373
0.07368
0.07362
0.07356
0.07351
0.07345
0.07339
0.07333
0.07327
0.07322
0.07316
0.0731
0.07304
0.07299
0.07293
0.07287
0.07282
0.07276
0.0727
0.07264
0.07259
0.07253
0.07247
0.07241
0.07236
0.0723
0.07224
0.07219
0.07213
0.07207
0.07201
0.07196
0.0719
0.07184
0.07179
0.07173
0.07167
0.07162
0.07156
0.0715
0.07144
0.07139
0.07133
0.07128
0.07122
0.07116
0.0711
0.07105
0.07099
0.07093
0.07088
0.07082
0.07076
0.07071
0.07065
0.0706
0.07054
0.07048
0.07043
0.07037
0.07031
0.07026
0.0702
0.07014
0.07009
0.07003
0.06997
0.06992
0.06986
0.06981
0.06975
0.06969
0.06964
0.06958
0.06953
0.06947
0.06941
0.06936
0.0693
0.06924
0.06919
0.06913
0.06908
0.06902
0.06896
0.06891
0.06885
0.0688
0.06874
0.06868
0.06863
0.06857
0.06852
0.06846
0.06841
0.06835
0.06829
0.06824
0.06818
0.06813
0.06807
0.06802
0.06796
0.06791
0.06785
0.06779
0.06774
0.06768
0.06763
0.06757
0.06752
0.06746
0.06741
0.06735
0.0673
0.06724
0.06719
0.06713
0.06707
0.06702
0.06696
0.06691
0.06685
0.0668
0.06674
0.06669
0.06663
0.06658
0.06653
0.06647
0.06642
0.06636
0.06631
0.06625
0.0662
0.06614
0.06609
0.06603
0.06598
0.06592
0.06587
0.06581
0.06576
0.0657
0.06565
0.06559
0.06554
0.06548
0.06543
0.06538
0.06532
0.06527
0.06521
0.06516
0.0651
0.06505
0.06499
0.06494
0.06488
0.06483
0.06478
0.06472
0.06467
0.06461
0.06456
0.06451
0.06445
0.0644
0.06434
0.06429
0.06424
0.06418
0.06413
0.06407
0.06402
0.06396
0.06391
0.06386
0.0638
0.06375
0.0637
0.06364
0.06359
0.06353
0.06348
0.06343
0.06337
0.06332
0.06327
0.06321
0.06316
0.0631
0.06305
0.063
0.06295
0.06289
0.06284
0.06278
0.06273
0.06268
0.06262
0.06257
0.06252
0.06246
0.06241
0.06236
0.0623
0.06225
0.0622
0.06214
0.06209
0.06204
0.06198
0.06193
0.06188
0.06183
0.06177
0.06172
0.06167
0.06161
0.06156
0.06151
0.06146
0.0614
0.06135
0.0613
0.06124
0.06119
0.06114
0.06109
0.06103
0.06098
0.06093
0.06087
0.06082
0.06077
0.06072
0.06066
0.06061
0.06056
0.06051
0.06046
0.0604
0.06035
0.0603
0.06024
0.06019
0.06014
0.06009
0.06004
0.05998
0.05993
0.05988
0.05983
0.05978
0.05972
0.05967
0.05962
0.05957
0.05951
0.05946
0.05941
0.05936
0.05931
0.05926
0.0592
0.05915
0.0591
0.05905
0.059
0.05894
0.05889
0.05884
0.05879
0.05874
0.05869
0.05863
0.05858
0.05853
0.05848
0.05843
0.05838
0.05833
0.05827
0.05822
0.05817
0.05812
0.05807
0.05802
0.05797
0.05791
0.05786
0.05781
0.05776
0.05771
0.05766
0.05761
0.05756
0.0575
0.05745
0.0574
0.05735
0.0573
0.05725
0.0572
0.05715
0.0571
0.05704
0.05699
0.05694
0.05689
0.05684
0.05679
0.05674
0.05669
0.05664
0.05659
0.05654
0.05649
0.05644
0.05639
0.05634
0.05629
0.05624
0.05618
0.05613
0.05608
0.05603
0.05598
0.05593
0.05588
0.05583
0.05578
0.05573
0.05568
0.05563
0.05558
0.05553
0.05548
0.05543
0.05538
0.05533
0.05528
0.05523
0.05518
0.05513
0.05508
0.05503
0.05498
0.05493
0.05488
0.05483
0.05478
0.05473
0.05468
0.05463
0.05458
0.05453
0.05448
0.05443
0.05438
0.05433
0.05428
0.05423
0.05418
0.05414
0.05409
0.05404
0.05399
0.05394
0.05389
0.05384
0.05379
0.05374
0.05369
0.05364
0.05359
0.05354
0.05349
0.05344
0.0534
0.05335
0.0533
0.05325
0.0532
0.05315
0.0531
0.05305
0.053
0.05296
0.05291
0.05286
0.05281
0.05276
0.05271
0.05266
0.05261
0.05257
0.05252
0.05247
0.05242
0.05237
0.05232
0.05227
0.05223
0.05218
0.05213
0.05208
0.05203
0.05198
0.05193
0.05189
0.05184
0.05179
0.05174
0.05169
0.05165
0.0516
0.05155
0.0515
0.05145
0.0514
0.05136
0.05131
0.05126
0.05121
0.05116
0.05112
0.05107
0.05102
0.05097
0.05092
0.05088
0.05083
0.05078
0.05073
0.05069
0.05064
0.05059
0.05054
0.05049
0.05045
0.0504
0.05035
0.05031
0.05026
0.05021
0.05016
0.05012
0.05007
0.05002
0.04997
0.04993
0.04988
0.04983
0.04979
0.04974
0.04969
0.04964
0.0496
0.04955
0.0495
0.04945
0.04941